2	-97.46623229980468750000000000000000000000000000000000	97.46623229980468750000000000000000000000000000000000	0.03125000000000000000000000000000000000000000000000
3	-97.52873229980468750000000000000000000000000000000000	97.52873229980468750000000000000000000000000000000000	0.03125000000000000000000000000000000000000000000000
4	-97.40373229980468750000000000000000000000000000000000	97.40373229980468750000000000000000000000000000000000	0.06250000000000000000000000000000000000000000000000
5	-97.27873229980468750000000000000000000000000000000000	97.27873229980468750000000000000000000000000000000000	0.12500000000000000000000000000000000000000000000000
6	-97.02873229980468750000000000000000000000000000000000	97.02873229980468750000000000000000000000000000000000	0.25000000000000000000000000000000000000000000000000
7	-96.52873229980468750000000000000000000000000000000000	96.52873229980468750000000000000000000000000000000000	0.50000000000000000000000000000000000000000000000000
8	-95.52873229980468750000000000000000000000000000000000	95.52873229980468750000000000000000000000000000000000	1.00000000000000000000000000000000000000000000000000
9	-93.52873229980468750000000000000000000000000000000000	93.52873229980468750000000000000000000000000000000000	2.00000000000000000000000000000000000000000000000000
10	-89.52873229980468750000000000000000000000000000000000	89.52873229980468750000000000000000000000000000000000	4.00000000000000000000000000000000000000000000000000
11	-81.52873229980468750000000000000000000000000000000000	81.52873229980468750000000000000000000000000000000000	8.00000000000000000000000000000000000000000000000000
12	-65.52873229980468750000000000000000000000000000000000	65.52873229980468750000000000000000000000000000000000	16.00000000000000000000000000000000000000000000000000
13	-33.52873229980468750000000000000000000000000000000000	33.52873229980468750000000000000000000000000000000000	32.00000000000000000000000000000000000000000000000000
14	30.47126770019531250000000000000000000000000000000000	30.47126770019531250000000000000000000000000000000000	64.00000000000000000000000000000000000000000000000000
15	94.47126770019531250000000000000000000000000000000000	94.47126770019531250000000000000000000000000000000000	64.00000000000000000000000000000000000000000000000000
16	62.47126770019531250000000000000000000000000000000000	62.47126770019531250000000000000000000000000000000000	32.00000000000000000000000000000000000000000000000000
17	-1.52873229980468750000000000000000000000000000000000	1.52873229980468750000000000000000000000000000000000	32.00000000000000000000000000000000000000000000000000
18	14.47126770019531250000000000000000000000000000000000	14.47126770019531250000000000000000000000000000000000	16.00000000000000000000000000000000000000000000000000
19	-17.52873229980468750000000000000000000000000000000000	17.52873229980468750000000000000000000000000000000000	16.00000000000000000000000000000000000000000000000000
20	6.47126770019531250000000000000000000000000000000000	6.47126770019531250000000000000000000000000000000000	8.00000000000000000000000000000000000000000000000000
21	-9.52873229980468750000000000000000000000000000000000	9.52873229980468750000000000000000000000000000000000	8.00000000000000000000000000000000000000000000000000
22	2.47126770019531250000000000000000000000000000000000	2.47126770019531250000000000000000000000000000000000	4.00000000000000000000000000000000000000000000000000
23	-5.52873229980468750000000000000000000000000000000000	5.52873229980468750000000000000000000000000000000000	4.00000000000000000000000000000000000000000000000000
24	0.47126770019531250000000000000000000000000000000000	0.47126770019531250000000000000000000000000000000000	2.00000000000000000000000000000000000000000000000000
25	-3.52873229980468750000000000000000000000000000000000	3.52873229980468750000000000000000000000000000000000	2.00000000000000000000000000000000000000000000000000
26	1.47126770019531250000000000000000000000000000000000	1.47126770019531250000000000000000000000000000000000	1.00000000000000000000000000000000000000000000000000
27	-0.52873229980468750000000000000000000000000000000000	0.52873229980468750000000000000000000000000000000000	1.00000000000000000000000000000000000000000000000000
28	0.97126770019531250000000000000000000000000000000000	0.97126770019531250000000000000000000000000000000000	0.50000000000000000000000000000000000000000000000000
29	-0.02873229980468750000000000000000000000000000000000	0.02873229980468750000000000000000000000000000000000	0.50000000000000000000000000000000000000000000000000
30	0.22126770019531250000000000000000000000000000000000	0.22126770019531250000000000000000000000000000000000	0.25000000000000000000000000000000000000000000000000
31	-0.27873229980468750000000000000000000000000000000000	0.27873229980468750000000000000000000000000000000000	0.25000000000000000000000000000000000000000000000000
32	0.09626770019531250000000000000000000000000000000000	0.09626770019531250000000000000000000000000000000000	0.12500000000000000000000000000000000000000000000000
33	-0.15373229980468750000000000000000000000000000000000	0.15373229980468750000000000000000000000000000000000	0.12500000000000000000000000000000000000000000000000
34	0.03376770019531250000000000000000000000000000000000	0.03376770019531250000000000000000000000000000000000	0.06250000000000000000000000000000000000000000000000
35	-0.09123229980468750000000000000000000000000000000000	0.09123229980468750000000000000000000000000000000000	0.06250000000000000000000000000000000000000000000000
36	0.00251770019531250000000000000000000000000000000000	0.00251770019531250000000000000000000000000000000000	0.03125000000000000000000000000000000000000000000000
37	-0.05998229980468750000000000000000000000000000000000	0.05998229980468750000000000000000000000000000000000	0.03125000000000000000000000000000000000000000000000
38	0.01814270019531250000000000000000000000000000000000	0.01814270019531250000000000000000000000000000000000	0.01562500000000000000000000000000000000000000000000
39	-0.01310729980468750000000000000000000000000000000000	0.01310729980468750000000000000000000000000000000000	0.01562500000000000000000000000000000000000000000000
40	0.01033020019531250000000000000000000000000000000000	0.01033020019531250000000000000000000000000000000000	0.00781250000000000000000000000000000000000000000000
41	-0.00529479980468750000000000000000000000000000000000	0.00529479980468750000000000000000000000000000000000	0.00781250000000000000000000000000000000000000000000
42	0.00642395019531250000000000000000000000000000000000	0.00642395019531250000000000000000000000000000000000	0.00390625000000000000000000000000000000000000000000
43	-0.00138854980468750000000000000000000000000000000000	0.00138854980468750000000000000000000000000000000000	0.00390625000000000000000000000000000000000000000000
44	-0.00920104980468750000000000000000000000000000000000	0.00920104980468750000000000000000000000000000000000	0.00781250000000000000000000000000000000000000000000
45	-0.00529479980468750000000000000000000000000000000000	0.00529479980468750000000000000000000000000000000000	0.00390625000000000000000000000000000000000000000000
46	0.00056457519531250000000000000000000000000000000000	0.00056457519531250000000000000000000000000000000000	0.00195312500000000000000000000000000000000000000000
47	-0.00334167480468750000000000000000000000000000000000	0.00334167480468750000000000000000000000000000000000	0.00195312500000000000000000000000000000000000000000
48	0.00447082519531250000000000000000000000000000000000	0.00447082519531250000000000000000000000000000000000	0.00390625000000000000000000000000000000000000000000
49	0.00251770019531250000000000000000000000000000000000	0.00251770019531250000000000000000000000000000000000	0.00195312500000000000000000000000000000000000000000
50	0.00154113769531250000000000000000000000000000000000	0.00154113769531250000000000000000000000000000000000	0.00097656250000000000000000000000000000000000000000
51	-0.00041198730468750000000000000000000000000000000000	0.00041198730468750000000000000000000000000000000000	0.00097656250000000000000000000000000000000000000000
52	-0.00236511230468750000000000000000000000000000000000	0.00236511230468750000000000000000000000000000000000	0.00195312500000000000000000000000000000000000000000
53	-0.00138854980468750000000000000000000000000000000000	0.00138854980468750000000000000000000000000000000000	0.00097656250000000000000000000000000000000000000000
54	0.00007629394531250000000000000000000000000000000000	0.00007629394531250000000000000000000000000000000000	0.00048828125000000000000000000000000000000000000000
55	-0.00090026855468750000000000000000000000000000000000	0.00090026855468750000000000000000000000000000000000	0.00048828125000000000000000000000000000000000000000
56	0.00105285644531250000000000000000000000000000000000	0.00105285644531250000000000000000000000000000000000	0.00097656250000000000000000000000000000000000000000
57	0.00056457519531250000000000000000000000000000000000	0.00056457519531250000000000000000000000000000000000	0.00048828125000000000000000000000000000000000000000
58	0.00032043457031250000000000000000000000000000000000	0.00032043457031250000000000000000000000000000000000	0.00024414062500000000000000000000000000000000000000
59	-0.00016784667968750000000000000000000000000000000000	0.00016784667968750000000000000000000000000000000000	0.00024414062500000000000000000000000000000000000000
60	0.00019836425781250000000000000000000000000000000000	0.00019836425781250000000000000000000000000000000000	0.00012207031250000000000000000000000000000000000000
61	-0.00004577636718750000000000000000000000000000000000	0.00004577636718750000000000000000000000000000000000	0.00012207031250000000000000000000000000000000000000
62	-0.00028991699218750000000000000000000000000000000000	0.00028991699218750000000000000000000000000000000000	0.00024414062500000000000000000000000000000000000000
63	-0.00016784667968750000000000000000000000000000000000	0.00016784667968750000000000000000000000000000000000	0.00012207031250000000000000000000000000000000000000
64	0.00001525878906250000000000000000000000000000000000	0.00001525878906250000000000000000000000000000000000	0.00006103515625000000000000000000000000000000000000
65	-0.00010681152343750000000000000000000000000000000000	0.00010681152343750000000000000000000000000000000000	0.00006103515625000000000000000000000000000000000000
66	0.00013732910156250000000000000000000000000000000000	0.00013732910156250000000000000000000000000000000000	0.00012207031250000000000000000000000000000000000000
67	0.00007629394531250000000000000000000000000000000000	0.00007629394531250000000000000000000000000000000000	0.00006103515625000000000000000000000000000000000000
68	0.00004577636718750000000000000000000000000000000000	0.00004577636718750000000000000000000000000000000000	0.00003051757812500000000000000000000000000000000000
69	-0.00001525878906250000000000000000000000000000000000	0.00001525878906250000000000000000000000000000000000	0.00003051757812500000000000000000000000000000000000
70	0.00003051757812500000000000000000000000000000000000	0.00003051757812500000000000000000000000000000000000	0.00001525878906250000000000000000000000000000000000
71	0.00000000000000000000000000000000000000000000000000	0.00000000000000000000000000000000000000000000000000	0.00001525878906250000000000000000000000000000000000
72	-0.00003051757812500000000000000000000000000000000000	0.00003051757812500000000000000000000000000000000000	0.00003051757812500000000000000000000000000000000000
73	-0.00001525878906250000000000000000000000000000000000	0.00001525878906250000000000000000000000000000000000	0.00001525878906250000000000000000000000000000000000
74	0.00000762939453125000000000000000000000000000000000	0.00000762939453125000000000000000000000000000000000	0.00000762939453125000000000000000000000000000000000
75	-0.00000762939453125000000000000000000000000000000000	0.00000762939453125000000000000000000000000000000000	0.00000762939453125000000000000000000000000000000000
76	0.00000381469726562500000000000000000000000000000000	0.00000381469726562500000000000000000000000000000000	0.00000381469726562500000000000000000000000000000000
77	-0.00000381469726562500000000000000000000000000000000	0.00000381469726562500000000000000000000000000000000	0.00000381469726562500000000000000000000000000000000
78	0.00000190734863281250000000000000000000000000000000	0.00000190734863281250000000000000000000000000000000	0.00000190734863281250000000000000000000000000000000
79	-0.00000190734863281250000000000000000000000000000000	0.00000190734863281250000000000000000000000000000000	0.00000190734863281250000000000000000000000000000000
80	0.00000095367431640625000000000000000000000000000000	0.00000095367431640625000000000000000000000000000000	0.00000095367431640625000000000000000000000000000000
81	-0.00000095367431640625000000000000000000000000000000	0.00000095367431640625000000000000000000000000000000	0.00000095367431640625000000000000000000000000000000
82	0.00000047683715820312500000000000000000000000000000	0.00000047683715820312500000000000000000000000000000	0.00000047683715820312500000000000000000000000000000
83	-0.00000047683715820312500000000000000000000000000000	0.00000047683715820312500000000000000000000000000000	0.00000047683715820312500000000000000000000000000000
84	0.00000023841857910156250000000000000000000000000000	0.00000023841857910156250000000000000000000000000000	0.00000023841857910156250000000000000000000000000000
85	-0.00000023841857910156250000000000000000000000000000	0.00000023841857910156250000000000000000000000000000	0.00000023841857910156250000000000000000000000000000
86	0.00000011920928955078125000000000000000000000000000	0.00000011920928955078125000000000000000000000000000	0.00000011920928955078125000000000000000000000000000
87	-0.00000011920928955078125000000000000000000000000000	0.00000011920928955078125000000000000000000000000000	0.00000011920928955078125000000000000000000000000000
88	0.00000005960464477539062500000000000000000000000000	0.00000005960464477539062500000000000000000000000000	0.00000005960464477539062500000000000000000000000000
89	-0.00000005960464477539062500000000000000000000000000	0.00000005960464477539062500000000000000000000000000	0.00000005960464477539062500000000000000000000000000
90	0.00000002980232238769531250000000000000000000000000	0.00000002980232238769531250000000000000000000000000	0.00000002980232238769531250000000000000000000000000
91	-0.00000002980232238769531250000000000000000000000000	0.00000002980232238769531250000000000000000000000000	0.00000002980232238769531250000000000000000000000000
92	0.00000001490116119384765625000000000000000000000000	0.00000001490116119384765625000000000000000000000000	0.00000001490116119384765625000000000000000000000000
93	-0.00000001490116119384765625000000000000000000000000	0.00000001490116119384765625000000000000000000000000	0.00000001490116119384765625000000000000000000000000
94	0.00000000745058059692382812500000000000000000000000	0.00000000745058059692382812500000000000000000000000	0.00000000745058059692382812500000000000000000000000
95	-0.00000000745058059692382812500000000000000000000000	0.00000000745058059692382812500000000000000000000000	0.00000000745058059692382812500000000000000000000000
96	0.00000000372529029846191406250000000000000000000000	0.00000000372529029846191406250000000000000000000000	0.00000000372529029846191406250000000000000000000000
97	-0.00000000372529029846191406250000000000000000000000	0.00000000372529029846191406250000000000000000000000	0.00000000372529029846191406250000000000000000000000
98	0.00000000186264514923095703125000000000000000000000	0.00000000186264514923095703125000000000000000000000	0.00000000186264514923095703125000000000000000000000
99	-0.00000000186264514923095703125000000000000000000000	0.00000000186264514923095703125000000000000000000000	0.00000000186264514923095703125000000000000000000000
100	0.00000000093132257461547851562500000000000000000000	0.00000000093132257461547851562500000000000000000000	0.00000000093132257461547851562500000000000000000000
101	-0.00000000093132257461547851562500000000000000000000	0.00000000093132257461547851562500000000000000000000	0.00000000093132257461547851562500000000000000000000
102	0.00000000046566128730773925781250000000000000000000	0.00000000046566128730773925781250000000000000000000	0.00000000046566128730773925781250000000000000000000
103	-0.00000000046566128730773925781250000000000000000000	0.00000000046566128730773925781250000000000000000000	0.00000000046566128730773925781250000000000000000000
104	0.00000000023283064365386962890625000000000000000000	0.00000000023283064365386962890625000000000000000000	0.00000000023283064365386962890625000000000000000000
105	-0.00000000023283064365386962890625000000000000000000	0.00000000023283064365386962890625000000000000000000	0.00000000023283064365386962890625000000000000000000
106	0.00000000011641532182693481445312500000000000000000	0.00000000011641532182693481445312500000000000000000	0.00000000011641532182693481445312500000000000000000
107	-0.00000000011641532182693481445312500000000000000000	0.00000000011641532182693481445312500000000000000000	0.00000000011641532182693481445312500000000000000000
108	0.00000000005820766091346740722656250000000000000000	0.00000000005820766091346740722656250000000000000000	0.00000000005820766091346740722656250000000000000000
109	-0.00000000005820766091346740722656250000000000000000	0.00000000005820766091346740722656250000000000000000	0.00000000005820766091346740722656250000000000000000
110	0.00000000002910383045673370361328125000000000000000	0.00000000002910383045673370361328125000000000000000	0.00000000002910383045673370361328125000000000000000
111	-0.00000000002910383045673370361328125000000000000000	0.00000000002910383045673370361328125000000000000000	0.00000000002910383045673370361328125000000000000000
112	0.00000000001455191522836685180664062500000000000000	0.00000000001455191522836685180664062500000000000000	0.00000000001455191522836685180664062500000000000000
113	-0.00000000001455191522836685180664062500000000000000	0.00000000001455191522836685180664062500000000000000	0.00000000001455191522836685180664062500000000000000
114	0.00000000000727595761418342590332031250000000000000	0.00000000000727595761418342590332031250000000000000	0.00000000000727595761418342590332031250000000000000
115	-0.00000000000727595761418342590332031250000000000000	0.00000000000727595761418342590332031250000000000000	0.00000000000727595761418342590332031250000000000000
116	0.00000000000363797880709171295166015625000000000000	0.00000000000363797880709171295166015625000000000000	0.00000000000363797880709171295166015625000000000000
117	-0.00000000000363797880709171295166015625000000000000	0.00000000000363797880709171295166015625000000000000	0.00000000000363797880709171295166015625000000000000
118	0.00000000000181898940354585647583007812500000000000	0.00000000000181898940354585647583007812500000000000	0.00000000000181898940354585647583007812500000000000
119	-0.00000000000181898940354585647583007812500000000000	0.00000000000181898940354585647583007812500000000000	0.00000000000181898940354585647583007812500000000000
120	0.00000000000090949470177292823791503906250000000000	0.00000000000090949470177292823791503906250000000000	0.00000000000090949470177292823791503906250000000000
121	-0.00000000000090949470177292823791503906250000000000	0.00000000000090949470177292823791503906250000000000	0.00000000000090949470177292823791503906250000000000
122	0.00000000000045474735088646411895751953125000000000	0.00000000000045474735088646411895751953125000000000	0.00000000000045474735088646411895751953125000000000
123	-0.00000000000045474735088646411895751953125000000000	0.00000000000045474735088646411895751953125000000000	0.00000000000045474735088646411895751953125000000000
124	0.00000000000022737367544323205947875976562500000000	0.00000000000022737367544323205947875976562500000000	0.00000000000022737367544323205947875976562500000000
125	-0.00000000000022737367544323205947875976562500000000	0.00000000000022737367544323205947875976562500000000	0.00000000000022737367544323205947875976562500000000
126	0.00000000000011368683772161602973937988281250000000	0.00000000000011368683772161602973937988281250000000	0.00000000000011368683772161602973937988281250000000
127	-0.00000000000011368683772161602973937988281250000000	0.00000000000011368683772161602973937988281250000000	0.00000000000011368683772161602973937988281250000000
128	0.00000000000005684341886080801486968994140625000000	0.00000000000005684341886080801486968994140625000000	0.00000000000005684341886080801486968994140625000000
129	-0.00000000000005684341886080801486968994140625000000	0.00000000000005684341886080801486968994140625000000	0.00000000000005684341886080801486968994140625000000
130	0.00000000000002842170943040400743484497070312500000	0.00000000000002842170943040400743484497070312500000	0.00000000000002842170943040400743484497070312500000
131	-0.00000000000002842170943040400743484497070312500000	0.00000000000002842170943040400743484497070312500000	0.00000000000002842170943040400743484497070312500000
132	0.00000000000001421085471520200371742248535156250000	0.00000000000001421085471520200371742248535156250000	0.00000000000001421085471520200371742248535156250000
133	-0.00000000000001421085471520200371742248535156250000	0.00000000000001421085471520200371742248535156250000	0.00000000000001421085471520200371742248535156250000
134	0.00000000000000710542735760100185871124267578125000	0.00000000000000710542735760100185871124267578125000	0.00000000000000710542735760100185871124267578125000
135	-0.00000000000000710542735760100185871124267578125000	0.00000000000000710542735760100185871124267578125000	0.00000000000000710542735760100185871124267578125000
136	0.00000000000000355271367880050092935562133789062500	0.00000000000000355271367880050092935562133789062500	0.00000000000000355271367880050092935562133789062500
137	-0.00000000000000355271367880050092935562133789062500	0.00000000000000355271367880050092935562133789062500	0.00000000000000355271367880050092935562133789062500
138	0.00000000000000177635683940025046467781066894531250	0.00000000000000177635683940025046467781066894531250	0.00000000000000177635683940025046467781066894531250
139	-0.00000000000000177635683940025046467781066894531250	0.00000000000000177635683940025046467781066894531250	0.00000000000000177635683940025046467781066894531250
140	0.00000000000000088817841970012523233890533447265625	0.00000000000000088817841970012523233890533447265625	0.00000000000000088817841970012523233890533447265625
141	-0.00000000000000088817841970012523233890533447265625	0.00000000000000088817841970012523233890533447265625	0.00000000000000088817841970012523233890533447265625
142	0.00000000000000044408920985006261616945266723632813	0.00000000000000044408920985006261616945266723632813	0.00000000000000044408920985006261616945266723632813
143	-0.00000000000000044408920985006261616945266723632813	0.00000000000000044408920985006261616945266723632813	0.00000000000000044408920985006261616945266723632813
144	0.00000000000000022204460492503130808472633361816406	0.00000000000000022204460492503130808472633361816406	0.00000000000000022204460492503130808472633361816406
145	-0.00000000000000022204460492503130808472633361816406	0.00000000000000022204460492503130808472633361816406	0.00000000000000022204460492503130808472633361816406
146	0.00000000000000011102230246251565404236316680908203	0.00000000000000011102230246251565404236316680908203	0.00000000000000011102230246251565404236316680908203
147	-0.00000000000000011102230246251565404236316680908203	0.00000000000000011102230246251565404236316680908203	0.00000000000000011102230246251565404236316680908203
148	0.00000000000000005551115123125782702118158340454102	0.00000000000000005551115123125782702118158340454102	0.00000000000000005551115123125782702118158340454102
149	-0.00000000000000005551115123125782702118158340454102	0.00000000000000005551115123125782702118158340454102	0.00000000000000005551115123125782702118158340454102
150	0.00000000000000002775557561562891351059079170227051	0.00000000000000002775557561562891351059079170227051	0.00000000000000002775557561562891351059079170227051
151	-0.00000000000000002775557561562891351059079170227051	0.00000000000000002775557561562891351059079170227051	0.00000000000000002775557561562891351059079170227051
152	0.00000000000000001387778780781445675529539585113525	0.00000000000000001387778780781445675529539585113525	0.00000000000000001387778780781445675529539585113525
153	-0.00000000000000001387778780781445675529539585113525	0.00000000000000001387778780781445675529539585113525	0.00000000000000001387778780781445675529539585113525
154	0.00000000000000000693889390390722837764769792556763	0.00000000000000000693889390390722837764769792556763	0.00000000000000000693889390390722837764769792556763
155	-0.00000000000000000693889390390722837764769792556763	0.00000000000000000693889390390722837764769792556763	0.00000000000000000693889390390722837764769792556763
156	0.00000000000000000346944695195361418882384896278381	0.00000000000000000346944695195361418882384896278381	0.00000000000000000346944695195361418882384896278381
157	-0.00000000000000000346944695195361418882384896278381	0.00000000000000000346944695195361418882384896278381	0.00000000000000000346944695195361418882384896278381
158	0.00000000000000000173472347597680709441192448139191	0.00000000000000000173472347597680709441192448139191	0.00000000000000000173472347597680709441192448139191
159	-0.00000000000000000173472347597680709441192448139191	0.00000000000000000173472347597680709441192448139191	0.00000000000000000173472347597680709441192448139191
160	0.00000000000000000086736173798840354720596224069595	0.00000000000000000086736173798840354720596224069595	0.00000000000000000086736173798840354720596224069595
161	-0.00000000000000000086736173798840354720596224069595	0.00000000000000000086736173798840354720596224069595	0.00000000000000000086736173798840354720596224069595
162	0.00000000000000000043368086899420177360298112034798	0.00000000000000000043368086899420177360298112034798	0.00000000000000000043368086899420177360298112034798
163	-0.00000000000000000043368086899420177360298112034798	0.00000000000000000043368086899420177360298112034798	0.00000000000000000043368086899420177360298112034798
164	0.00000000000000000021684043449710088680149056017399	0.00000000000000000021684043449710088680149056017399	0.00000000000000000021684043449710088680149056017399
165	-0.00000000000000000021684043449710088680149056017399	0.00000000000000000021684043449710088680149056017399	0.00000000000000000021684043449710088680149056017399
166	0.00000000000000000010842021724855044340074528008699	0.00000000000000000010842021724855044340074528008699	0.00000000000000000010842021724855044340074528008699
167	-0.00000000000000000010842021724855044340074528008699	0.00000000000000000010842021724855044340074528008699	0.00000000000000000010842021724855044340074528008699
168	0.00000000000000000005421010862427522170037264004350	0.00000000000000000005421010862427522170037264004350	0.00000000000000000005421010862427522170037264004350
169	-0.00000000000000000005421010862427522170037264004350	0.00000000000000000005421010862427522170037264004350	0.00000000000000000005421010862427522170037264004350
170	0.00000000000000000002710505431213761085018632002175	0.00000000000000000002710505431213761085018632002175	0.00000000000000000002710505431213761085018632002175
171	-0.00000000000000000002710505431213761085018632002175	0.00000000000000000002710505431213761085018632002175	0.00000000000000000002710505431213761085018632002175
172	0.00000000000000000001355252715606880542509316001087	0.00000000000000000001355252715606880542509316001087	0.00000000000000000001355252715606880542509316001087
173	-0.00000000000000000001355252715606880542509316001087	0.00000000000000000001355252715606880542509316001087	0.00000000000000000001355252715606880542509316001087
174	0.00000000000000000000677626357803440271254658000544	0.00000000000000000000677626357803440271254658000544	0.00000000000000000000677626357803440271254658000544
175	-0.00000000000000000000677626357803440271254658000544	0.00000000000000000000677626357803440271254658000544	0.00000000000000000000677626357803440271254658000544
176	0.00000000000000000000338813178901720135627329000272	0.00000000000000000000338813178901720135627329000272	0.00000000000000000000338813178901720135627329000272
177	-0.00000000000000000000338813178901720135627329000272	0.00000000000000000000338813178901720135627329000272	0.00000000000000000000338813178901720135627329000272
178	0.00000000000000000000169406589450860067813664500136	0.00000000000000000000169406589450860067813664500136	0.00000000000000000000169406589450860067813664500136
179	-0.00000000000000000000169406589450860067813664500136	0.00000000000000000000169406589450860067813664500136	0.00000000000000000000169406589450860067813664500136
180	0.00000000000000000000084703294725430033906832250068	0.00000000000000000000084703294725430033906832250068	0.00000000000000000000084703294725430033906832250068
181	-0.00000000000000000000084703294725430033906832250068	0.00000000000000000000084703294725430033906832250068	0.00000000000000000000084703294725430033906832250068
182	0.00000000000000000000042351647362715016953416125034	0.00000000000000000000042351647362715016953416125034	0.00000000000000000000042351647362715016953416125034
183	-0.00000000000000000000042351647362715016953416125034	0.00000000000000000000042351647362715016953416125034	0.00000000000000000000042351647362715016953416125034
184	0.00000000000000000000021175823681357508476708062517	0.00000000000000000000021175823681357508476708062517	0.00000000000000000000021175823681357508476708062517
185	-0.00000000000000000000021175823681357508476708062517	0.00000000000000000000021175823681357508476708062517	0.00000000000000000000021175823681357508476708062517
186	0.00000000000000000000010587911840678754238354031258	0.00000000000000000000010587911840678754238354031258	0.00000000000000000000010587911840678754238354031258
187	-0.00000000000000000000010587911840678754238354031258	0.00000000000000000000010587911840678754238354031258	0.00000000000000000000010587911840678754238354031258
188	0.00000000000000000000005293955920339377119177015629	0.00000000000000000000005293955920339377119177015629	0.00000000000000000000005293955920339377119177015629
189	-0.00000000000000000000005293955920339377119177015629	0.00000000000000000000005293955920339377119177015629	0.00000000000000000000005293955920339377119177015629
190	0.00000000000000000000002646977960169688559588507815	0.00000000000000000000002646977960169688559588507815	0.00000000000000000000002646977960169688559588507815
191	-0.00000000000000000000002646977960169688559588507815	0.00000000000000000000002646977960169688559588507815	0.00000000000000000000002646977960169688559588507815
192	0.00000000000000000000001323488980084844279794253907	0.00000000000000000000001323488980084844279794253907	0.00000000000000000000001323488980084844279794253907
193	-0.00000000000000000000001323488980084844279794253907	0.00000000000000000000001323488980084844279794253907	0.00000000000000000000001323488980084844279794253907
194	0.00000000000000000000000661744490042422139897126954	0.00000000000000000000000661744490042422139897126954	0.00000000000000000000000661744490042422139897126954
195	-0.00000000000000000000000661744490042422139897126954	0.00000000000000000000000661744490042422139897126954	0.00000000000000000000000661744490042422139897126954
196	0.00000000000000000000000330872245021211069948563477	0.00000000000000000000000330872245021211069948563477	0.00000000000000000000000330872245021211069948563477
197	-0.00000000000000000000000330872245021211069948563477	0.00000000000000000000000330872245021211069948563477	0.00000000000000000000000330872245021211069948563477
198	0.00000000000000000000000165436122510605534974281738	0.00000000000000000000000165436122510605534974281738	0.00000000000000000000000165436122510605534974281738
199	-0.00000000000000000000000165436122510605534974281738	0.00000000000000000000000165436122510605534974281738	0.00000000000000000000000165436122510605534974281738
200	0.00000000000000000000000082718061255302767487140869	0.00000000000000000000000082718061255302767487140869	0.00000000000000000000000082718061255302767487140869
201	-0.00000000000000000000000082718061255302767487140869	0.00000000000000000000000082718061255302767487140869	0.00000000000000000000000082718061255302767487140869
202	0.00000000000000000000000041359030627651383743570435	0.00000000000000000000000041359030627651383743570435	0.00000000000000000000000041359030627651383743570435
203	-0.00000000000000000000000041359030627651383743570435	0.00000000000000000000000041359030627651383743570435	0.00000000000000000000000041359030627651383743570435
204	0.00000000000000000000000020679515313825691871785217	0.00000000000000000000000020679515313825691871785217	0.00000000000000000000000020679515313825691871785217
205	-0.00000000000000000000000020679515313825691871785217	0.00000000000000000000000020679515313825691871785217	0.00000000000000000000000020679515313825691871785217
206	0.00000000000000000000000010339757656912845935892609	0.00000000000000000000000010339757656912845935892609	0.00000000000000000000000010339757656912845935892609
207	-0.00000000000000000000000010339757656912845935892609	0.00000000000000000000000010339757656912845935892609	0.00000000000000000000000010339757656912845935892609
208	0.00000000000000000000000005169878828456422967946304	0.00000000000000000000000005169878828456422967946304	0.00000000000000000000000005169878828456422967946304
209	-0.00000000000000000000000005169878828456422967946304	0.00000000000000000000000005169878828456422967946304	0.00000000000000000000000005169878828456422967946304
210	0.00000000000000000000000002584939414228211483973152	0.00000000000000000000000002584939414228211483973152	0.00000000000000000000000002584939414228211483973152
211	-0.00000000000000000000000002584939414228211483973152	0.00000000000000000000000002584939414228211483973152	0.00000000000000000000000002584939414228211483973152
212	0.00000000000000000000000001292469707114105741986576	0.00000000000000000000000001292469707114105741986576	0.00000000000000000000000001292469707114105741986576
213	-0.00000000000000000000000001292469707114105741986576	0.00000000000000000000000001292469707114105741986576	0.00000000000000000000000001292469707114105741986576
214	0.00000000000000000000000000646234853557052870993288	0.00000000000000000000000000646234853557052870993288	0.00000000000000000000000000646234853557052870993288
215	-0.00000000000000000000000000646234853557052870993288	0.00000000000000000000000000646234853557052870993288	0.00000000000000000000000000646234853557052870993288
216	0.00000000000000000000000000323117426778526435496644	0.00000000000000000000000000323117426778526435496644	0.00000000000000000000000000323117426778526435496644
217	-0.00000000000000000000000000323117426778526435496644	0.00000000000000000000000000323117426778526435496644	0.00000000000000000000000000323117426778526435496644
218	0.00000000000000000000000000161558713389263217748322	0.00000000000000000000000000161558713389263217748322	0.00000000000000000000000000161558713389263217748322
219	-0.00000000000000000000000000161558713389263217748322	0.00000000000000000000000000161558713389263217748322	0.00000000000000000000000000161558713389263217748322
220	0.00000000000000000000000000080779356694631608874161	0.00000000000000000000000000080779356694631608874161	0.00000000000000000000000000080779356694631608874161
221	-0.00000000000000000000000000080779356694631608874161	0.00000000000000000000000000080779356694631608874161	0.00000000000000000000000000080779356694631608874161
222	0.00000000000000000000000000040389678347315804437081	0.00000000000000000000000000040389678347315804437081	0.00000000000000000000000000040389678347315804437081
223	-0.00000000000000000000000000040389678347315804437081	0.00000000000000000000000000040389678347315804437081	0.00000000000000000000000000040389678347315804437081
224	0.00000000000000000000000000020194839173657902218540	0.00000000000000000000000000020194839173657902218540	0.00000000000000000000000000020194839173657902218540
225	-0.00000000000000000000000000020194839173657902218540	0.00000000000000000000000000020194839173657902218540	0.00000000000000000000000000020194839173657902218540
226	0.00000000000000000000000000010097419586828951109270	0.00000000000000000000000000010097419586828951109270	0.00000000000000000000000000010097419586828951109270
227	-0.00000000000000000000000000010097419586828951109270	0.00000000000000000000000000010097419586828951109270	0.00000000000000000000000000010097419586828951109270
228	0.00000000000000000000000000005048709793414475554635	0.00000000000000000000000000005048709793414475554635	0.00000000000000000000000000005048709793414475554635
229	-0.00000000000000000000000000005048709793414475554635	0.00000000000000000000000000005048709793414475554635	0.00000000000000000000000000005048709793414475554635
230	0.00000000000000000000000000002524354896707237777318	0.00000000000000000000000000002524354896707237777318	0.00000000000000000000000000002524354896707237777318
231	-0.00000000000000000000000000002524354896707237777318	0.00000000000000000000000000002524354896707237777318	0.00000000000000000000000000002524354896707237777318
232	0.00000000000000000000000000001262177448353618888659	0.00000000000000000000000000001262177448353618888659	0.00000000000000000000000000001262177448353618888659
233	-0.00000000000000000000000000001262177448353618888659	0.00000000000000000000000000001262177448353618888659	0.00000000000000000000000000001262177448353618888659
234	0.00000000000000000000000000000631088724176809444329	0.00000000000000000000000000000631088724176809444329	0.00000000000000000000000000000631088724176809444329
235	-0.00000000000000000000000000000631088724176809444329	0.00000000000000000000000000000631088724176809444329	0.00000000000000000000000000000631088724176809444329
236	0.00000000000000000000000000000315544362088404722165	0.00000000000000000000000000000315544362088404722165	0.00000000000000000000000000000315544362088404722165
237	-0.00000000000000000000000000000315544362088404722165	0.00000000000000000000000000000315544362088404722165	0.00000000000000000000000000000315544362088404722165
238	0.00000000000000000000000000000157772181044202361082	0.00000000000000000000000000000157772181044202361082	0.00000000000000000000000000000157772181044202361082
239	-0.00000000000000000000000000000157772181044202361082	0.00000000000000000000000000000157772181044202361082	0.00000000000000000000000000000157772181044202361082
240	0.00000000000000000000000000000078886090522101180541	0.00000000000000000000000000000078886090522101180541	0.00000000000000000000000000000078886090522101180541
241	-0.00000000000000000000000000000078886090522101180541	0.00000000000000000000000000000078886090522101180541	0.00000000000000000000000000000078886090522101180541
242	0.00000000000000000000000000000039443045261050590271	0.00000000000000000000000000000039443045261050590271	0.00000000000000000000000000000039443045261050590271
243	-0.00000000000000000000000000000039443045261050590271	0.00000000000000000000000000000039443045261050590271	0.00000000000000000000000000000039443045261050590271
244	0.00000000000000000000000000000019721522630525295135	0.00000000000000000000000000000019721522630525295135	0.00000000000000000000000000000019721522630525295135
245	-0.00000000000000000000000000000019721522630525295135	0.00000000000000000000000000000019721522630525295135	0.00000000000000000000000000000019721522630525295135
246	0.00000000000000000000000000000009860761315262647568	0.00000000000000000000000000000009860761315262647568	0.00000000000000000000000000000009860761315262647568
247	-0.00000000000000000000000000000009860761315262647568	0.00000000000000000000000000000009860761315262647568	0.00000000000000000000000000000009860761315262647568
248	0.00000000000000000000000000000004930380657631323784	0.00000000000000000000000000000004930380657631323784	0.00000000000000000000000000000004930380657631323784
249	-0.00000000000000000000000000000004930380657631323784	0.00000000000000000000000000000004930380657631323784	0.00000000000000000000000000000004930380657631323784
250	0.00000000000000000000000000000002465190328815661892	0.00000000000000000000000000000002465190328815661892	0.00000000000000000000000000000002465190328815661892
251	-0.00000000000000000000000000000002465190328815661892	0.00000000000000000000000000000002465190328815661892	0.00000000000000000000000000000002465190328815661892
252	0.00000000000000000000000000000001232595164407830946	0.00000000000000000000000000000001232595164407830946	0.00000000000000000000000000000001232595164407830946
253	-0.00000000000000000000000000000001232595164407830946	0.00000000000000000000000000000001232595164407830946	0.00000000000000000000000000000001232595164407830946
254	0.00000000000000000000000000000000616297582203915473	0.00000000000000000000000000000000616297582203915473	0.00000000000000000000000000000000616297582203915473
255	-0.00000000000000000000000000000000616297582203915473	0.00000000000000000000000000000000616297582203915473	0.00000000000000000000000000000000616297582203915473
256	0.00000000000000000000000000000000308148791101957736	0.00000000000000000000000000000000308148791101957736	0.00000000000000000000000000000000308148791101957736
257	-0.00000000000000000000000000000000308148791101957736	0.00000000000000000000000000000000308148791101957736	0.00000000000000000000000000000000308148791101957736
258	0.00000000000000000000000000000000154074395550978868	0.00000000000000000000000000000000154074395550978868	0.00000000000000000000000000000000154074395550978868
259	-0.00000000000000000000000000000000154074395550978868	0.00000000000000000000000000000000154074395550978868	0.00000000000000000000000000000000154074395550978868
260	0.00000000000000000000000000000000077037197775489434	0.00000000000000000000000000000000077037197775489434	0.00000000000000000000000000000000077037197775489434
261	-0.00000000000000000000000000000000077037197775489434	0.00000000000000000000000000000000077037197775489434	0.00000000000000000000000000000000077037197775489434
262	0.00000000000000000000000000000000038518598887744717	0.00000000000000000000000000000000038518598887744717	0.00000000000000000000000000000000038518598887744717
263	-0.00000000000000000000000000000000038518598887744717	0.00000000000000000000000000000000038518598887744717	0.00000000000000000000000000000000038518598887744717
264	0.00000000000000000000000000000000019259299443872359	0.00000000000000000000000000000000019259299443872359	0.00000000000000000000000000000000019259299443872359
265	-0.00000000000000000000000000000000019259299443872359	0.00000000000000000000000000000000019259299443872359	0.00000000000000000000000000000000019259299443872359
266	0.00000000000000000000000000000000009629649721936179	0.00000000000000000000000000000000009629649721936179	0.00000000000000000000000000000000009629649721936179
267	-0.00000000000000000000000000000000009629649721936179	0.00000000000000000000000000000000009629649721936179	0.00000000000000000000000000000000009629649721936179
268	0.00000000000000000000000000000000004814824860968090	0.00000000000000000000000000000000004814824860968090	0.00000000000000000000000000000000004814824860968090
269	-0.00000000000000000000000000000000004814824860968090	0.00000000000000000000000000000000004814824860968090	0.00000000000000000000000000000000004814824860968090
270	0.00000000000000000000000000000000002407412430484045	0.00000000000000000000000000000000002407412430484045	0.00000000000000000000000000000000002407412430484045
271	-0.00000000000000000000000000000000002407412430484045	0.00000000000000000000000000000000002407412430484045	0.00000000000000000000000000000000002407412430484045
272	0.00000000000000000000000000000000001203706215242022	0.00000000000000000000000000000000001203706215242022	0.00000000000000000000000000000000001203706215242022
273	-0.00000000000000000000000000000000001203706215242022	0.00000000000000000000000000000000001203706215242022	0.00000000000000000000000000000000001203706215242022
274	0.00000000000000000000000000000000000601853107621011	0.00000000000000000000000000000000000601853107621011	0.00000000000000000000000000000000000601853107621011
275	-0.00000000000000000000000000000000000601853107621011	0.00000000000000000000000000000000000601853107621011	0.00000000000000000000000000000000000601853107621011
276	0.00000000000000000000000000000000000300926553810506	0.00000000000000000000000000000000000300926553810506	0.00000000000000000000000000000000000300926553810506
277	-0.00000000000000000000000000000000000300926553810506	0.00000000000000000000000000000000000300926553810506	0.00000000000000000000000000000000000300926553810506
278	0.00000000000000000000000000000000000150463276905253	0.00000000000000000000000000000000000150463276905253	0.00000000000000000000000000000000000150463276905253
279	-0.00000000000000000000000000000000000150463276905253	0.00000000000000000000000000000000000150463276905253	0.00000000000000000000000000000000000150463276905253
280	0.00000000000000000000000000000000000075231638452626	0.00000000000000000000000000000000000075231638452626	0.00000000000000000000000000000000000075231638452626
281	-0.00000000000000000000000000000000000075231638452626	0.00000000000000000000000000000000000075231638452626	0.00000000000000000000000000000000000075231638452626
282	0.00000000000000000000000000000000000037615819226313	0.00000000000000000000000000000000000037615819226313	0.00000000000000000000000000000000000037615819226313
283	-0.00000000000000000000000000000000000037615819226313	0.00000000000000000000000000000000000037615819226313	0.00000000000000000000000000000000000037615819226313
284	0.00000000000000000000000000000000000018807909613157	0.00000000000000000000000000000000000018807909613157	0.00000000000000000000000000000000000018807909613157
285	-0.00000000000000000000000000000000000018807909613157	0.00000000000000000000000000000000000018807909613157	0.00000000000000000000000000000000000018807909613157
286	0.00000000000000000000000000000000000009403954806578	0.00000000000000000000000000000000000009403954806578	0.00000000000000000000000000000000000009403954806578
287	-0.00000000000000000000000000000000000009403954806578	0.00000000000000000000000000000000000009403954806578	0.00000000000000000000000000000000000009403954806578
288	0.00000000000000000000000000000000000004701977403289	0.00000000000000000000000000000000000004701977403289	0.00000000000000000000000000000000000004701977403289
289	-0.00000000000000000000000000000000000004701977403289	0.00000000000000000000000000000000000004701977403289	0.00000000000000000000000000000000000004701977403289
290	0.00000000000000000000000000000000000002350988701645	0.00000000000000000000000000000000000002350988701645	0.00000000000000000000000000000000000002350988701645
291	-0.00000000000000000000000000000000000002350988701645	0.00000000000000000000000000000000000002350988701645	0.00000000000000000000000000000000000002350988701645
292	0.00000000000000000000000000000000000001175494350822	0.00000000000000000000000000000000000001175494350822	0.00000000000000000000000000000000000001175494350822
293	-0.00000000000000000000000000000000000001175494350822	0.00000000000000000000000000000000000001175494350822	0.00000000000000000000000000000000000001175494350822
294	0.00000000000000000000000000000000000000587747175411	0.00000000000000000000000000000000000000587747175411	0.00000000000000000000000000000000000000587747175411
295	-0.00000000000000000000000000000000000000587747175411	0.00000000000000000000000000000000000000587747175411	0.00000000000000000000000000000000000000587747175411
296	0.00000000000000000000000000000000000000293873587706	0.00000000000000000000000000000000000000293873587706	0.00000000000000000000000000000000000000293873587706
297	-0.00000000000000000000000000000000000000293873587706	0.00000000000000000000000000000000000000293873587706	0.00000000000000000000000000000000000000293873587706
298	0.00000000000000000000000000000000000000146936793853	0.00000000000000000000000000000000000000146936793853	0.00000000000000000000000000000000000000146936793853
299	-0.00000000000000000000000000000000000000146936793853	0.00000000000000000000000000000000000000146936793853	0.00000000000000000000000000000000000000146936793853
300	0.00000000000000000000000000000000000000073468396926	0.00000000000000000000000000000000000000073468396926	0.00000000000000000000000000000000000000073468396926
301	-0.00000000000000000000000000000000000000073468396926	0.00000000000000000000000000000000000000073468396926	0.00000000000000000000000000000000000000073468396926
302	0.00000000000000000000000000000000000000036734198463	0.00000000000000000000000000000000000000036734198463	0.00000000000000000000000000000000000000036734198463
303	-0.00000000000000000000000000000000000000036734198463	0.00000000000000000000000000000000000000036734198463	0.00000000000000000000000000000000000000036734198463
304	0.00000000000000000000000000000000000000018367099232	0.00000000000000000000000000000000000000018367099232	0.00000000000000000000000000000000000000018367099232
305	-0.00000000000000000000000000000000000000018367099232	0.00000000000000000000000000000000000000018367099232	0.00000000000000000000000000000000000000018367099232
306	0.00000000000000000000000000000000000000009183549616	0.00000000000000000000000000000000000000009183549616	0.00000000000000000000000000000000000000009183549616
307	-0.00000000000000000000000000000000000000009183549616	0.00000000000000000000000000000000000000009183549616	0.00000000000000000000000000000000000000009183549616
308	0.00000000000000000000000000000000000000004591774808	0.00000000000000000000000000000000000000004591774808	0.00000000000000000000000000000000000000004591774808
309	-0.00000000000000000000000000000000000000004591774808	0.00000000000000000000000000000000000000004591774808	0.00000000000000000000000000000000000000004591774808
310	0.00000000000000000000000000000000000000002295887404	0.00000000000000000000000000000000000000002295887404	0.00000000000000000000000000000000000000002295887404
311	-0.00000000000000000000000000000000000000002295887404	0.00000000000000000000000000000000000000002295887404	0.00000000000000000000000000000000000000002295887404
312	0.00000000000000000000000000000000000000001147943702	0.00000000000000000000000000000000000000001147943702	0.00000000000000000000000000000000000000001147943702
313	-0.00000000000000000000000000000000000000001147943702	0.00000000000000000000000000000000000000001147943702	0.00000000000000000000000000000000000000001147943702
314	0.00000000000000000000000000000000000000000573971851	0.00000000000000000000000000000000000000000573971851	0.00000000000000000000000000000000000000000573971851
315	-0.00000000000000000000000000000000000000000573971851	0.00000000000000000000000000000000000000000573971851	0.00000000000000000000000000000000000000000573971851
316	0.00000000000000000000000000000000000000000286985925	0.00000000000000000000000000000000000000000286985925	0.00000000000000000000000000000000000000000286985925
317	-0.00000000000000000000000000000000000000000286985925	0.00000000000000000000000000000000000000000286985925	0.00000000000000000000000000000000000000000286985925
318	0.00000000000000000000000000000000000000000143492963	0.00000000000000000000000000000000000000000143492963	0.00000000000000000000000000000000000000000143492963
319	-0.00000000000000000000000000000000000000000143492963	0.00000000000000000000000000000000000000000143492963	0.00000000000000000000000000000000000000000143492963
320	0.00000000000000000000000000000000000000000071746481	0.00000000000000000000000000000000000000000071746481	0.00000000000000000000000000000000000000000071746481
321	-0.00000000000000000000000000000000000000000071746481	0.00000000000000000000000000000000000000000071746481	0.00000000000000000000000000000000000000000071746481
322	0.00000000000000000000000000000000000000000035873241	0.00000000000000000000000000000000000000000035873241	0.00000000000000000000000000000000000000000035873241
323	-0.00000000000000000000000000000000000000000035873241	0.00000000000000000000000000000000000000000035873241	0.00000000000000000000000000000000000000000035873241
324	0.00000000000000000000000000000000000000000017936620	0.00000000000000000000000000000000000000000017936620	0.00000000000000000000000000000000000000000017936620
325	-0.00000000000000000000000000000000000000000017936620	0.00000000000000000000000000000000000000000017936620	0.00000000000000000000000000000000000000000017936620
326	0.00000000000000000000000000000000000000000008968310	0.00000000000000000000000000000000000000000008968310	0.00000000000000000000000000000000000000000008968310
327	-0.00000000000000000000000000000000000000000008968310	0.00000000000000000000000000000000000000000008968310	0.00000000000000000000000000000000000000000008968310
328	0.00000000000000000000000000000000000000000004484155	0.00000000000000000000000000000000000000000004484155	0.00000000000000000000000000000000000000000004484155
329	-0.00000000000000000000000000000000000000000004484155	0.00000000000000000000000000000000000000000004484155	0.00000000000000000000000000000000000000000004484155
330	0.00000000000000000000000000000000000000000002242078	0.00000000000000000000000000000000000000000002242078	0.00000000000000000000000000000000000000000002242078
331	-0.00000000000000000000000000000000000000000002242078	0.00000000000000000000000000000000000000000002242078	0.00000000000000000000000000000000000000000002242078
332	0.00000000000000000000000000000000000000000001121039	0.00000000000000000000000000000000000000000001121039	0.00000000000000000000000000000000000000000001121039
333	-0.00000000000000000000000000000000000000000001121039	0.00000000000000000000000000000000000000000001121039	0.00000000000000000000000000000000000000000001121039
334	0.00000000000000000000000000000000000000000000560519	0.00000000000000000000000000000000000000000000560519	0.00000000000000000000000000000000000000000000560519
335	-0.00000000000000000000000000000000000000000000560519	0.00000000000000000000000000000000000000000000560519	0.00000000000000000000000000000000000000000000560519
336	0.00000000000000000000000000000000000000000000280260	0.00000000000000000000000000000000000000000000280260	0.00000000000000000000000000000000000000000000280260
337	-0.00000000000000000000000000000000000000000000280260	0.00000000000000000000000000000000000000000000280260	0.00000000000000000000000000000000000000000000280260
338	0.00000000000000000000000000000000000000000000140130	0.00000000000000000000000000000000000000000000140130	0.00000000000000000000000000000000000000000000140130
339	-0.00000000000000000000000000000000000000000000140130	0.00000000000000000000000000000000000000000000140130	0.00000000000000000000000000000000000000000000140130
